camera_matrix: [[7.391145623102257787e+02,0.000000000000000000e+00,3.370127332607779067e+02],[0.000000000000000000e+00,7.397051335286967060e+02,2.357417624328370209e+02],[0.000000000000000000e+00,0.000000000000000000e+00,1.000000000000000000e+00]]
distortion_coeffs: [2.361189626893680504e-01,-9.805599867779910550e-01,-1.257253086061899637e-03,6.412225852788739494e-03,2.044203349432037076e+00]